# Collector: AEPWatch v1.0.1
# Output Format: v1.0
# Collected on Thu Aug 23 20:11:06 2018
# Default Format
timestamp;;DIMM0;;;;;;;;;;;;;DIMM1;;;;;;;;;;;;;DIMM2;;;;;;;;;;;;;DIMM3;;;;;;;;;;;;;DIMM4;;;;;;;;;;;;;DIMM5;;;;;;;;;;;;;DIMM6;;;;;;;;;;;;;DIMM7;;;;;;;;;;;;;DIMM8;;;;;;;;;;;;;DIMM9;;;;;;;;;;;;;DIMM10;;;;;;;;;;;;;DIMM11;;;;;;;;;;;;;
epoch;timestamp;bytes_read (derived);bytes_written (derived);read_hit_ratio (derived);write_hit_ratio (derived);wdb_merge_percent (derived);sxp_read_ops (derived);sxp_write_ops (derived);read_64B_ops_received;write_64B_ops_received;ddrt_read_ops;ddrt_write_ops;block_read_ops;block_write_ops;bytes_read (derived);bytes_written (derived);read_hit_ratio (derived);write_hit_ratio (derived);wdb_merge_percent (derived);sxp_read_ops (derived);sxp_write_ops (derived);read_64B_ops_received;write_64B_ops_received;ddrt_read_ops;ddrt_write_ops;block_read_ops;block_write_ops;bytes_read (derived);bytes_written (derived);read_hit_ratio (derived);write_hit_ratio (derived);wdb_merge_percent (derived);sxp_read_ops (derived);sxp_write_ops (derived);read_64B_ops_received;write_64B_ops_received;ddrt_read_ops;ddrt_write_ops;block_read_ops;block_write_ops;bytes_read (derived);bytes_written (derived);read_hit_ratio (derived);write_hit_ratio (derived);wdb_merge_percent (derived);sxp_read_ops (derived);sxp_write_ops (derived);read_64B_ops_received;write_64B_ops_received;ddrt_read_ops;ddrt_write_ops;block_read_ops;block_write_ops;bytes_read (derived);bytes_written (derived);read_hit_ratio (derived);write_hit_ratio (derived);wdb_merge_percent (derived);sxp_read_ops (derived);sxp_write_ops (derived);read_64B_ops_received;write_64B_ops_received;ddrt_read_ops;ddrt_write_ops;block_read_ops;block_write_ops;bytes_read (derived);bytes_written (derived);read_hit_ratio (derived);write_hit_ratio (derived);wdb_merge_percent (derived);sxp_read_ops (derived);sxp_write_ops (derived);read_64B_ops_received;write_64B_ops_received;ddrt_read_ops;ddrt_write_ops;block_read_ops;block_write_ops;bytes_read (derived);bytes_written (derived);read_hit_ratio (derived);write_hit_ratio (derived);wdb_merge_percent (derived);sxp_read_ops (derived);sxp_write_ops (derived);read_64B_ops_received;write_64B_ops_received;ddrt_read_ops;ddrt_write_ops;block_read_ops;block_write_ops;bytes_read (derived);bytes_written (derived);read_hit_ratio (derived);write_hit_ratio (derived);wdb_merge_percent (derived);sxp_read_ops (derived);sxp_write_ops (derived);read_64B_ops_received;write_64B_ops_received;ddrt_read_ops;ddrt_write_ops;block_read_ops;block_write_ops;bytes_read (derived);bytes_written (derived);read_hit_ratio (derived);write_hit_ratio (derived);wdb_merge_percent (derived);sxp_read_ops (derived);sxp_write_ops (derived);read_64B_ops_received;write_64B_ops_received;ddrt_read_ops;ddrt_write_ops;block_read_ops;block_write_ops;bytes_read (derived);bytes_written (derived);read_hit_ratio (derived);write_hit_ratio (derived);wdb_merge_percent (derived);sxp_read_ops (derived);sxp_write_ops (derived);read_64B_ops_received;write_64B_ops_received;ddrt_read_ops;ddrt_write_ops;block_read_ops;block_write_ops;bytes_read (derived);bytes_written (derived);read_hit_ratio (derived);write_hit_ratio (derived);wdb_merge_percent (derived);sxp_read_ops (derived);sxp_write_ops (derived);read_64B_ops_received;write_64B_ops_received;ddrt_read_ops;ddrt_write_ops;block_read_ops;block_write_ops;bytes_read (derived);bytes_written (derived);read_hit_ratio (derived);write_hit_ratio (derived);wdb_merge_percent (derived);sxp_read_ops (derived);sxp_write_ops (derived);read_64B_ops_received;write_64B_ops_received;ddrt_read_ops;ddrt_write_ops;block_read_ops;block_write_ops;
1535069467;2195014292;1864192;25764352;0.00;0.00;0.00;7282;100642;431696;402568;135;33;0;0;1902848;25889792;0.00;0.00;0.00;7433;101132;434260;404528;135;33;0;0;1838336;25950720;0.00;0.00;0.00;7181;101370;434204;405480;136;33;0;0;1921536;26047232;0.00;0.00;0.00;7506;101747;437012;406988;136;33;0;0;1912064;26076160;0.00;0.00;0.00;7469;101860;437316;407440;136;33;0;0;1840128;26048512;0.00;0.00;0.00;7188;101752;435760;407008;136;33;0;0;1915648;26084096;0.00;0.00;0.00;7483;101891;437496;407564;103;33;0;0;1930496;26114560;0.00;0.00;0.00;7541;102010;438204;408040;103;33;0;0;1844224;26075904;0.00;0.00;0.00;7204;101859;436252;407436;103;33;0;0;1899776;26091008;0.00;0.00;0.00;7421;101918;437356;407672;103;33;0;0;1912832;26100480;0.00;0.00;0.00;7472;101955;437708;407820;103;33;0;0;1831424;26062848;0.00;0.00;0.00;7154;101808;435848;407232;103;33;0;0;
1535069468;2195074350;1852160;25679616;0.00;0.00;0.00;7235;100311;430184;401244;134;33;0;0;1860096;25692416;0.00;0.00;0.00;7266;100361;430508;401444;135;33;0;0;1807616;25682176;0.00;0.00;0.00;7061;100321;429528;401284;134;33;0;0;1951232;25800192;0.00;0.00;0.00;7622;100782;433616;403128;135;33;0;0;1856768;25704960;0.00;0.00;0.00;7253;100410;430652;401640;136;33;0;0;1813504;25710336;0.00;0.00;0.00;7084;100431;430060;401724;136;33;0;0;1877760;25732096;0.00;0.00;0.00;7335;100516;431404;402064;103;33;0;0;1894144;25770240;0.00;0.00;0.00;7399;100665;432256;402660;102;33;0;0;1835776;25927936;0.00;0.00;0.00;7171;101281;433808;405124;102;33;0;0;1914112;26075648;0.00;0.00;0.00;7477;101858;437340;407432;102;33;0;0;1884160;26135296;0.00;0.00;0.00;7360;102091;437804;408364;102;33;0;0;1868544;26198784;0.00;0.00;0.00;7299;102339;438552;409356;103;33;0;0;
1535069469;2195034040;1837568;25662208;0.00;0.00;0.00;7178;100243;429684;400972;135;33;0;0;1885952;25690368;0.00;0.00;0.00;7367;100353;430880;401412;134;33;0;0;1829376;25677056;0.00;0.00;0.00;7146;100301;429788;401204;135;33;0;0;1900032;25708800;0.00;0.00;0.00;7422;100425;431388;401700;135;33;0;0;1872896;25687808;0.00;0.00;0.00;7316;100343;430636;401372;135;33;0;0;1828352;25682176;0.00;0.00;0.00;7142;100321;429852;401284;135;33;0;0;1896960;25691648;0.00;0.00;0.00;7410;100358;431072;401432;103;33;0;0;1883648;25650944;0.00;0.00;0.00;7358;100199;430228;400796;102;33;0;0;1809152;25611520;0.00;0.00;0.00;7067;100045;428448;400180;101;33;0;0;1884672;25646848;0.00;0.00;0.00;7362;100183;430180;400732;102;33;0;0;1861888;25619200;0.00;0.00;0.00;7273;100075;429392;400300;102;33;0;0;1822976;25630720;0.00;0.00;0.00;7121;100120;428964;400480;102;33;0;0;
1535069470;2195032048;1829376;25647616;0.00;0.00;0.00;7146;100186;429328;400744;138;33;0;0;1879808;25665792;0.00;0.00;0.00;7343;100257;430400;401028;136;33;0;0;1813248;25646080;0.00;0.00;0.00;7083;100180;429052;400720;135;33;0;0;1897472;25690368;0.00;0.00;0.00;7412;100353;431060;401412;135;33;0;0;1884416;25671936;0.00;0.00;0.00;7361;100281;430568;401124;135;33;0;0;1804544;25626880;0.00;0.00;0.00;7049;100105;428616;400420;136;33;0;0;1893632;25673472;0.00;0.00;0.00;7397;100287;430736;401148;102;33;0;0;1922048;25873152;0.00;0.00;0.00;7508;101067;434300;404268;102;33;0;0;1832448;25808640;0.00;0.00;0.00;7158;100815;431892;403260;101;33;0;0;1881856;25769472;0.00;0.00;0.00;7351;100662;432052;402648;102;33;0;0;1868544;25739520;0.00;0.00;0.00;7299;100545;431376;402180;102;33;0;0;1824768;25753856;0.00;0.00;0.00;7128;100601;430916;402404;101;33;0;0;
1535069471;2195026770;1835264;25659136;0.00;0.00;0.00;7169;100231;429600;400924;136;33;0;0;1876224;25647104;0.00;0.00;0.00;7329;100184;430052;400736;134;33;0;0;1831168;25651456;0.00;0.00;0.00;7153;100201;429416;400804;135;33;0;0;1914624;25689088;0.00;0.00;0.00;7479;100348;431308;401392;135;33;0;0;1852160;25639680;0.00;0.00;0.00;7235;100155;429560;400620;135;33;0;0;1812480;25616384;0.00;0.00;0.00;7080;100064;428576;400256;136;33;0;0;1863680;25622528;0.00;0.00;0.00;7280;100088;429472;400352;104;33;0;0;1907968;25644544;0.00;0.00;0.00;7453;100174;430508;400696;101;33;0;0;1813504;25601024;0.00;0.00;0.88;7084;100004;428352;400016;102;33;0;0;1854976;25605120;0.00;0.00;0.39;7246;100020;429064;400080;102;33;0;0;1842944;25582592;0.00;0.00;0.00;7199;99932;428524;399728;103;33;0;0;1810944;25557504;0.00;0.00;0.00;7074;99834;427632;399336;103;33;0;0;
1535069472;2195079008;1842688;25667328;0.00;0.00;0.00;7198;100263;429844;401052;134;33;0;0;1870592;25656320;0.00;0.00;0.00;7307;100220;430108;400880;135;33;0;0;1823744;25657344;0.00;0.00;0.00;7124;100224;429392;400896;135;33;0;0;1909760;25702144;0.00;0.00;0.00;7460;100399;431436;401596;135;33;0;0;1876480;25675520;0.00;0.00;0.00;7330;100295;430500;401180;135;33;0;0;1813760;25643264;0.00;0.00;0.00;7085;100169;429016;400676;136;33;0;0;1868800;25655040;0.00;0.00;0.00;7300;100215;430060;400860;103;33;0;0;1912320;25520896;0.00;0.00;0.00;7470;99691;428644;398764;102;33;0;0;1788416;25323264;0.00;0.00;0.00;6986;98919;423620;395676;103;33;0;0;1872896;25276672;0.00;0.00;0.00;7316;98737;424212;394948;103;33;0;0;1816832;25195264;0.00;0.00;0.00;7097;98419;422064;393676;102;33;0;0;1781248;25163008;0.00;0.00;0.00;6958;98293;421004;393172;102;33;0;0;
1535069473;2195019918;1850368;25668608;0.00;0.00;0.00;7228;100268;429984;401072;135;33;0;0;1837312;25622016;0.00;0.00;0.00;7177;100086;429052;400344;135;33;0;0;1821952;25641728;0.00;0.00;0.00;7117;100163;429120;400652;136;33;0;0;1895168;25673984;0.00;0.00;0.00;7403;100289;430768;401156;135;33;0;0;1864192;25654016;0.00;0.00;0.00;7282;100211;429972;400844;135;33;0;0;1817856;25624576;0.00;0.00;0.00;7101;100096;428788;400384;136;33;0;0;1891840;25649408;0.00;0.00;0.00;7390;100193;430332;400772;103;33;0;0;1873664;25629440;0.00;0.00;0.00;7319;100115;429736;400460;103;33;0;0;1813760;25625088;0.00;0.00;0.00;7085;100098;428732;400392;103;33;0;0;1883136;25647104;0.00;0.00;0.00;7356;100184;430160;400736;103;33;0;0;1863424;25625856;0.00;0.00;0.00;7279;100101;429520;400404;103;33;0;0;1820928;25630720;0.00;0.00;0.00;7113;100120;428932;400480;103;33;0;0;
1535069474;2195031340;1840128;25660416;0.00;0.00;0.00;7188;100236;429696;400944;139;33;0;0;1884672;25732608;0.00;0.00;0.00;7362;100518;431520;402072;135;33;0;0;1847808;25831168;0.00;0.00;0.00;7218;100903;432484;403612;134;33;0;0;1946368;25944320;0.00;0.00;0.00;7603;101345;435792;405380;134;33;0;0;1877248;25916928;0.00;0.00;0.00;7333;101238;434284;404952;136;33;0;0;1831168;25925376;0.00;0.00;0.00;7153;101271;433696;405084;136;33;0;0;1895680;25977600;0.00;0.00;0.00;7405;101475;435520;405900;103;33;0;0;1924352;25990912;0.00;0.00;0.00;7517;101527;436176;406108;103;33;0;0;1835008;25957888;0.00;0.00;0.00;7168;101398;434264;405592;103;33;0;0;1894656;25971456;0.00;0.00;0.00;7401;101451;435408;405804;103;33;0;0;1879808;25971456;0.00;0.00;0.00;7343;101451;435176;405804;103;33;0;0;1850624;25977600;0.00;0.00;0.00;7229;101475;434816;405900;103;33;0;0;
1535069475;2195084882;1835776;25656064;0.00;0.00;0.00;7171;100219;429560;400876;135;33;0;0;1869824;25663488;0.00;0.00;0.00;7304;100248;430208;400992;134;33;0;0;1806848;25555200;0.00;0.00;0.00;7058;99825;427532;399300;134;33;0;0;1917440;25598976;0.00;0.00;0.00;7490;99996;429944;399984;136;33;0;0;1866752;25514496;0.00;0.00;0.00;7292;99666;427832;398664;135;33;0;0;1801472;25485312;0.00;0.00;0.00;7037;99552;426356;398208;134;33;0;0;1871616;25649664;0.00;0.00;0.00;7311;100194;430020;400776;101;33;0;0;1904384;25792768;0.00;0.00;0.00;7439;100753;432768;403012;102;33;0;0;1847552;25864960;0.00;0.00;0.00;7217;101035;433008;404140;102;33;0;0;1913856;25945088;0.00;0.00;0.00;7476;101348;435296;405392;103;33;0;0;1879040;25962496;0.00;0.00;0.00;7340;101416;435024;405664;102;33;0;0;1836800;26066688;0.00;0.00;0.00;7175;101823;435992;407292;102;33;0;0;
1535069476;2195082304;1830656;25661184;0.00;0.00;0.00;7151;100239;429560;400956;138;34;0;0;1872384;25691136;0.00;0.00;0.00;7314;100356;430680;401424;135;33;0;0;1831424;25752320;0.00;0.00;0.00;7154;100595;430996;402380;135;33;0;0;1903616;25808896;0.00;0.00;0.00;7436;100816;433008;403264;134;33;0;0;1906944;25830656;0.00;0.00;0.00;7449;100901;433400;403604;135;33;0;0;1831680;25787904;0.00;0.00;0.00;7155;100734;431556;402936;135;33;0;0;1874688;25681664;0.00;0.00;0.00;7323;100319;430568;401276;101;33;0;0;1945600;25757184;0.00;0.00;0.00;7600;100614;432856;402456;101;33;0;0;1844992;25772544;0.00;0.00;0.00;7207;100674;431524;402696;102;33;0;0;1876480;25759488;0.00;0.00;0.00;7330;100623;431812;402492;101;33;0;0;1870592;25785088;0.00;0.00;0.00;7307;100723;432120;402892;103;33;0;0;1821184;25680896;0.00;0.00;0.00;7114;100316;429720;401264;102;33;0;0;
1535069477;2195032950;1848576;25672192;0.00;0.00;0.00;7221;100282;430012;401128;138;33;0;0;1860608;25602304;0.00;0.00;0.73;7268;100009;429108;400036;134;33;0;0;1814784;25547776;0.00;0.00;0.00;7089;99796;427540;399184;135;33;0;0;1902336;25560064;0.00;0.00;0.00;7431;99844;429100;399376;136;33;0;0;1859840;25500416;0.00;0.00;0.00;7265;99611;427504;398444;135;33;0;0;1811712;25465600;0.00;0.00;0.00;7077;99475;426208;397900;135;33;0;0;1856000;25419264;0.00;0.00;0.00;7250;99294;426176;397176;102;33;0;0;1872640;25264640;0.00;0.00;0.00;7315;98690;424020;394760;102;33;0;0;1797376;25113344;0.00;0.00;0.00;7021;98099;420480;392396;103;33;0;0;1828096;25031168;0.00;0.00;0.00;7141;97778;419676;391112;103;33;0;0;1838848;24977152;0.00;0.00;0.00;7183;97567;419000;390268;102;33;0;0;1763328;24931840;0.00;0.00;0.00;6888;97390;417112;389560;102;33;0;0;
1535069478;2195025580;1833728;25661952;0.00;0.00;0.00;7163;100242;429620;400968;134;33;0;0;1864448;25647104;0.00;0.00;0.00;7283;100184;429868;400736;135;33;0;0;1825280;25652480;0.00;0.00;0.00;7130;100205;429340;400820;136;33;0;0;1868032;25671680;0.00;0.00;0.00;7297;100280;430308;401120;135;33;0;0;1888256;25693184;0.00;0.00;0.00;7376;100364;430960;401456;135;33;0;0;1816576;25641216;0.00;0.00;0.00;7096;100161;429028;400644;136;33;0;0;1886720;25666560;0.00;0.00;0.00;7370;100260;430520;401040;103;33;0;0;1943552;25727744;0.00;0.00;0.00;7592;100499;432364;401996;103;33;0;0;1821440;25653760;0.00;0.00;0.00;7115;100210;429300;400840;103;33;0;0;1865728;25650944;0.00;0.00;0.00;7288;100199;429948;400796;103;33;0;0;1859072;25653760;0.00;0.00;0.00;7262;100210;429888;400840;103;33;0;0;1830912;25663744;0.00;0.00;0.00;7152;100249;429604;400996;103;33;0;0;
1535069479;2195026240;1850368;25670912;0.00;0.00;0.00;7228;100277;430020;401108;135;33;0;0;1849856;25668608;0.00;0.00;0.00;7226;100268;429976;401072;135;33;0;0;1822208;25676544;0.00;0.00;0.00;7118;100299;429668;401196;135;33;0;0;1900288;25746176;0.00;0.00;0.00;7423;100571;431976;402284;135;33;0;0;1853184;25696256;0.00;0.00;0.00;7239;100376;430460;401504;136;33;0;0;1830144;25705728;0.00;0.00;0.00;7149;100413;430248;401652;136;33;0;0;1883904;25721344;0.00;0.00;0.00;7359;100474;431332;401896;103;33;0;0;1905152;25734656;0.00;0.00;0.00;7442;100526;431872;402104;103;33;0;0;1812736;25696000;0.00;0.00;0.00;7081;100375;429824;401500;103;33;0;0;1900544;25739008;0.00;0.00;0.00;7424;100543;431868;402172;103;33;0;0;1875456;25720064;0.00;0.00;0.00;7326;100469;431180;401876;103;33;0;0;1816832;25700608;0.00;0.00;0.00;7097;100393;429960;401572;103;33;0;0;
1535069480;2195102792;1819392;25649664;0.00;0.00;0.00;7107;100194;429204;400776;135;33;0;0;1873664;25715968;0.00;0.00;0.00;7319;100453;431088;401812;135;33;0;0;1818112;25705216;0.00;0.00;0.00;7102;100411;430052;401644;134;33;0;0;1898240;25751552;0.00;0.00;0.00;7415;100592;432028;402368;135;33;0;0;1864960;25725952;0.00;0.00;0.00;7285;100492;431108;401968;136;33;0;0;1828096;25740032;0.00;0.00;0.00;7141;100547;430752;402188;136;33;0;0;1879808;25734912;0.00;0.00;0.00;7343;100527;431480;402108;103;33;0;0;1901568;25754624;0.00;0.00;0.00;7428;100604;432128;402416;103;33;0;0;1838080;25735680;0.00;0.00;0.00;7180;100530;430840;402120;103;33;0;0;1898240;25751040;0.00;0.00;0.00;7415;100590;432020;402360;103;33;0;0;1892608;25747968;0.00;0.00;0.00;7393;100578;431884;402312;103;33;0;0;1810688;25719552;0.00;0.00;0.00;7073;100467;430160;401868;102;33;0;0;
1535069481;2195030064;1828352;25651712;0.00;0.00;0.00;7142;100202;429376;400808;135;33;0;0;1866240;25659392;0.00;0.00;0.00;7290;100232;430088;400928;135;33;0;0;1821952;25656576;0.00;0.00;0.00;7117;100221;429352;400884;135;33;0;0;1910272;25695232;0.00;0.00;0.00;7462;100372;431336;401488;135;33;0;0;1879552;25811456;0.00;0.00;0.00;7342;100826;432672;403304;134;33;0;0;1815296;25896448;0.00;0.00;0.00;7091;101158;432996;404632;135;33;0;0;1907200;26018816;0.00;0.00;0.00;7450;101636;436344;406544;102;33;0;0;1964032;26120704;0.00;0.00;0.00;7672;102034;438824;408136;103;33;0;0;1844992;26091008;0.00;0.00;0.00;7207;101918;436500;407672;103;33;0;0;1913088;26137856;0.00;0.00;0.00;7473;102101;438296;408404;103;33;0;0;1896704;26132480;0.00;0.00;0.00;7409;102080;437956;408320;103;33;0;0;1846528;26117888;0.00;0.00;0.00;7213;102023;436944;408092;102;33;0;0;
1535069482;2195029334;1840128;25660160;0.00;0.00;0.00;7188;100235;429692;400940;134;33;0;0;1847296;25626880;0.00;0.00;0.00;7216;100105;429284;400420;135;33;0;0;1842944;25658880;0.00;0.00;0.00;7199;100230;429716;400920;135;33;0;0;1853440;25624576;0.00;0.00;0.00;7240;100096;429344;400384;135;33;0;0;1862656;25514496;0.00;0.00;0.00;7276;99666;427768;398664;135;33;0;0;1804032;25353984;0.00;0.00;0.00;7047;99039;424344;396156;136;33;0;0;1872384;25297152;0.00;0.00;0.00;7314;98817;424524;395268;103;33;0;0;1893632;25265664;0.00;0.00;0.00;7397;98694;424364;394776;102;33;0;0;1773568;25157888;0.00;0.00;0.00;6928;98273;420804;393092;102;33;0;0;1825536;25142528;0.00;0.00;0.00;7131;98213;421376;392852;103;33;0;0;1830656;25147648;0.00;0.00;0.00;7151;98233;421536;392932;103;33;0;0;1781504;25131264;0.00;0.00;0.00;6959;98169;420512;392676;103;33;0;0;
1535069483;2195027374;1825024;25650176;0.00;0.00;0.00;7129;100196;429300;400784;135;33;0;0;1873920;25659392;0.00;0.00;0.00;7320;100232;430208;400928;135;33;0;0;1805312;25629440;0.00;0.00;0.00;7052;100115;428668;400460;136;33;0;0;1885696;25662464;0.00;0.00;0.00;7366;100244;430440;400976;135;33;0;0;1858816;25639936;0.00;0.00;0.00;7261;100156;429668;400624;135;33;0;0;1805056;25609984;0.00;0.00;0.00;7051;100039;428360;400156;136;33;0;0;1879808;25641728;0.00;0.00;0.00;7343;100163;430024;400652;103;33;0;0;1912576;25660928;0.00;0.00;0.00;7471;100238;430836;400952;103;33;0;0;1820672;25627136;0.00;0.00;0.00;7112;100106;428872;400424;103;33;0;0;1857280;25617920;0.00;0.00;0.00;7255;100070;429300;400280;103;33;0;0;1851648;25615616;0.00;0.00;0.00;7233;100061;429176;400244;103;33;0;0;1830656;25796608;0.00;0.00;0.00;7151;100768;431676;403072;102;33;0;0;
1535069484;2195085460;1847040;25678336;0.00;0.00;0.00;7215;100306;430084;401224;135;33;0;0;1863424;25658624;0.00;0.00;0.00;7279;100229;430032;400916;135;33;0;0;1800448;25636608;0.00;0.00;0.00;7033;100143;428704;400572;135;33;0;0;1887744;25687296;0.00;0.00;0.00;7374;100341;430860;401364;135;33;0;0;1886208;25698304;0.00;0.00;0.00;7368;100384;431008;401536;135;33;0;0;1800960;25631232;0.00;0.00;0.00;7035;100122;428628;400488;136;33;0;0;1890048;25839104;0.00;0.00;0.00;7383;100934;433268;403736;102;33;0;0;1985024;26064640;0.00;0.00;0.00;7754;101815;438276;407260;102;33;0;0;1856768;26072320;0.00;0.00;0.00;7253;101845;436392;407380;102;33;0;0;1898496;26120960;0.00;0.00;0.00;7416;102035;437804;408140;103;33;0;0;1911552;26162432;0.00;0.00;0.00;7467;102197;438656;408788;103;33;0;0;1850112;26016256;0.00;0.00;0.00;7227;101626;435412;406504;102;33;0;0;
1535069485;2195028850;1848320;25672704;0.00;0.00;0.00;7220;100284;430016;401136;136;34;0;0;1869568;25688576;0.00;0.00;0.00;7303;100346;430596;401384;135;33;0;0;1801216;25666048;0.00;0.00;0.00;7036;100258;429176;401032;134;33;0;0;1949184;25805568;0.00;0.00;0.00;7614;100803;433668;403212;135;33;0;0;1884160;25746176;0.00;0.00;0.00;7360;100571;431724;402284;135;33;0;0;1813248;25718016;0.00;0.00;0.00;7083;100461;430176;401844;136;33;0;0;1870080;25587968;0.00;0.00;0.00;7305;99953;429032;399812;101;33;0;0;1884672;25620992;0.00;0.00;0.00;7362;100082;429776;400328;102;33;0;0;1843712;25676800;0.00;0.00;0.00;7202;100300;430008;401200;102;33;0;0;1903104;25702144;0.00;0.00;0.00;7434;100399;431332;401596;101;33;0;0;1869568;25702400;0.00;0.00;0.00;7303;100400;430812;401600;102;33;0;0;1821440;25693184;0.00;0.00;0.00;7115;100364;429916;401456;103;33;0;0;
1535069486;2195031620;1858816;25682176;0.00;0.00;0.00;7261;100321;430328;401284;134;33;0;0;1858816;25691392;0.00;0.00;0.00;7261;100357;430472;401428;134;33;0;0;1839360;25704448;0.00;0.00;0.00;7185;100408;430372;401632;135;33;0;0;1886208;25717248;0.00;0.00;0.00;7368;100458;431304;401832;135;33;0;0;1852416;25685760;0.00;0.00;0.00;7236;100335;430284;401340;135;33;0;0;1824000;25687040;0.00;0.00;0.00;7125;100340;429860;401360;135;33;0;0;1876992;25673216;0.00;0.00;0.00;7332;100286;430472;401144;102;33;0;0;1890816;25516800;0.00;0.00;0.00;7386;99675;428244;398700;102;33;0;0;1794304;25347072;0.00;0.00;0.00;7009;99012;424084;396048;102;33;0;0;1836032;25274368;0.00;0.00;0.00;7172;98728;423600;394912;103;33;0;0;1822208;25209344;0.00;0.00;0.00;7118;98474;422368;393896;102;33;0;0;1789184;25191680;0.00;0.00;0.00;6989;98405;421576;393620;102;33;0;0;
1535069487;2195030992;1843968;25667328;0.00;0.00;0.00;7203;100263;429864;401052;134;33;0;0;1869056;25652224;0.00;0.00;0.00;7301;100204;430020;400816;135;33;0;0;1841152;25666560;0.00;0.00;0.00;7192;100260;429808;401040;135;33;0;0;1882624;25671424;0.00;0.00;0.00;7354;100279;430532;401116;135;33;0;0;1868544;25656064;0.00;0.00;0.00;7299;100219;430072;400876;135;33;0;0;1820160;25628672;0.00;0.00;0.00;7110;100112;428888;400448;136;33;0;0;1893120;25657344;0.00;0.00;0.00;7395;100224;430476;400896;103;33;0;0;1890816;25658624;0.00;0.00;0.00;7386;100229;430460;400916;103;33;0;0;1809152;25620480;0.00;0.00;0.00;7067;100080;428588;400320;103;33;0;0;1901312;25661952;0.00;0.00;0.00;7427;100242;430676;400968;103;33;0;0;1872896;25641472;0.00;0.00;0.00;7316;100162;429912;400648;103;33;0;0;1825792;25636352;0.00;0.00;0.00;7132;100142;429096;400568;103;33;0;0;
1535069488;2195079358;1828608;25654016;0.00;0.00;0.00;7143;100211;429416;400844;134;33;0;0;1867520;25661184;0.00;0.00;0.00;7295;100239;430136;400956;135;33;0;0;1823232;25656320;0.00;0.00;0.00;7122;100220;429368;400880;135;33;0;0;1856256;25647872;0.00;0.00;0.00;7251;100187;429752;400748;135;33;0;0;1869312;25660416;0.00;0.00;0.00;7302;100236;430152;400944;135;33;0;0;1814784;25638656;0.00;0.00;0.00;7089;100151;428960;400604;136;33;0;0;1886976;25663488;0.00;0.00;0.00;7371;100248;430476;400992;103;33;0;0;1907968;25683456;0.00;0.00;0.00;7453;100326;431116;401304;103;33;0;0;1813504;25636352;0.00;0.00;0.00;7084;100142;428904;400568;103;33;0;0;1863424;25645312;0.00;0.00;0.00;7279;100177;429824;400708;103;33;0;0;1869568;25655808;0.00;0.00;0.00;7303;100218;430084;400872;103;33;0;0;1817856;25638400;0.00;0.00;0.00;7101;100150;429004;400600;103;33;0;0;
1535069489;2195106838;1852672;25682688;0.00;0.00;0.00;7237;100323;430240;401292;134;33;0;0;1880320;25662976;0.00;0.00;0.00;7345;100246;430364;400984;135;33;0;0;1838336;25657344;0.00;0.00;0.00;7181;100224;429620;400896;136;33;0;0;1881088;25660160;0.00;0.00;0.00;7348;100235;430332;400940;135;33;0;0;1863936;25645568;0.00;0.00;0.00;7281;100178;429836;400712;135;33;0;0;1808640;25649152;0.00;0.00;0.00;7065;100192;429028;400768;135;33;0;0;1891840;25850880;0.00;0.00;0.00;7390;100980;433480;403920;102;33;0;0;1954048;26029568;0.00;0.00;0.00;7633;101678;437244;406712;102;33;0;0;1853184;26059264;0.00;0.00;0.00;7239;101794;436132;407176;102;33;0;0;1932800;26131456;0.00;0.00;0.00;7550;102076;438504;408304;103;33;0;0;1914624;26152704;0.00;0.00;0.00;7479;102159;438552;408636;103;33;0;0;1867008;26175232;0.00;0.00;0.00;7293;102247;438160;408988;103;33;0;0;
1535069490;2195057072;1853952;25673984;0.00;0.00;0.00;7242;100289;430124;401156;139;34;0;0;1883392;25683456;0.00;0.00;0.00;7357;100326;430732;401304;135;33;0;0;1824768;25677824;0.00;0.00;0.00;7128;100304;429728;401216;135;33;0;0;1924608;25762048;0.00;0.00;0.00;7518;100633;432604;402532;135;33;0;0;1877760;25717248;0.00;0.00;0.00;7335;100458;431172;401832;135;33;0;0;1828096;25661696;0.00;0.00;0.00;7141;100241;429528;400964;135;33;0;0;1867776;25500160;0.00;0.00;0.00;7296;99610;427624;398440;102;33;0;0;1887232;25402368;0.00;0.00;0.00;7372;99228;426400;396912;102;33;0;0;1805824;25467648;0.00;0.00;0.00;7054;99483;426148;397932;102;33;0;0;1871872;25592832;0.00;0.00;0.00;7312;99972;429136;399888;101;33;0;0;1880064;25641216;0.00;0.00;0.00;7344;100161;430020;400644;101;33;0;0;1828608;25662720;0.00;0.00;0.00;7143;100245;429552;400980;102;33;0;0;
1535069491;2195032786;1866496;25677824;0.00;0.00;0.00;7291;100304;430380;401216;148;33;0;0;1870848;25677056;0.00;0.00;0.00;7308;100301;430436;401204;135;33;0;0;1815040;25662720;0.00;0.00;0.00;7090;100245;429340;400980;134;33;0;0;1906944;25734912;0.00;0.00;0.00;7449;100527;431904;402108;134;33;0;0;1859328;25686272;0.00;0.00;0.00;7263;100337;430400;401348;136;33;0;0;1825280;25686016;0.00;0.00;0.00;7130;100336;429864;401344;136;33;0;0;1869824;25683200;0.00;0.00;0.00;7304;100325;430516;401300;103;33;0;0;1977088;25773312;0.00;0.00;0.00;7723;100677;433600;402708;102;33;0;0;1805568;25484544;0.00;0.00;0.00;7053;99549;426408;398196;102;33;0;0;1854208;25339904;0.00;0.00;0.00;7243;98984;424908;395936;103;33;0;0;1840896;25259008;0.00;0.00;0.00;7191;98668;423436;394672;103;33;0;0;1790208;25193216;0.00;0.00;0.00;6993;98411;421616;393644;102;33;0;0;
1535069492;2195080470;1837568;25664512;0.00;0.00;0.00;7178;100252;429720;401008;147;33;0;0;1874944;25703936;0.00;0.00;0.00;7324;100406;430920;401624;134;33;0;0;1802496;25672448;0.00;0.00;0.00;7041;100283;429296;401132;135;33;0;0;1873152;25704704;0.00;0.00;0.00;7317;100409;430904;401636;136;33;0;0;1859072;25703936;0.00;0.00;0.00;7262;100406;430672;401624;135;33;0;0;1823744;25697792;0.00;0.00;0.00;7124;100382;430024;401528;135;33;0;0;1863936;25678080;0.00;0.00;0.00;7281;100305;430344;401220;103;33;0;0;1871872;25689088;0.00;0.00;0.00;7312;100348;430640;401392;103;33;0;0;1833216;25697024;0.00;0.00;0.00;7161;100379;430160;401516;103;33;0;0;1897472;25716992;0.00;0.00;0.00;7412;100457;431476;401828;103;33;0;0;1868800;25696768;0.00;0.00;0.00;7300;100378;430712;401512;103;33;0;0;1809920;25676544;0.00;0.00;0.00;7070;100299;429476;401196;103;33;0;0;
1535069493;2195024226;1843200;25669120;0.00;0.00;0.00;7200;100270;429880;401080;137;33;0;0;1857792;25655808;0.00;0.00;0.00;7257;100218;429900;400872;135;33;0;0;1837056;25671168;0.00;0.00;0.00;7176;100278;429816;401112;135;33;0;0;1899008;25697536;0.00;0.00;0.00;7418;100381;431196;401524;135;33;0;0;1904896;25700864;0.00;0.00;0.00;7441;100394;431340;401576;135;33;0;0;1826560;25650432;0.00;0.00;0.00;7135;100197;429328;400788;136;33;0;0;1884928;25651968;0.00;0.00;0.00;7363;100203;430264;400812;103;33;0;0;1923328;25700864;0.00;0.00;0.00;7513;100394;431628;401576;105;33;0;0;1818112;25648128;0.00;0.00;0.00;7102;100188;429160;400752;103;33;0;0;1869312;25655296;0.00;0.00;0.00;7302;100216;430072;400864;103;33;0;0;1893120;25681152;0.00;0.00;0.00;7395;100317;430848;401268;104;33;0;0;1795840;25624832;0.00;0.00;0.00;7015;100097;428448;400388;103;33;0;0;
1535069494;2195032118;1836032;25661440;0.00;0.00;0.00;7172;100240;429648;400960;155;35;0;0;1858304;25641984;0.00;0.00;0.00;7259;100164;429692;400656;135;33;0;0;1827584;25737472;0.00;0.00;0.00;7139;100537;430704;402148;135;33;0;0;1965312;25933056;0.00;0.00;0.00;7677;101301;435912;405204;134;33;0;0;1899776;25929984;0.00;0.00;0.00;7421;101289;434840;405156;134;33;0;0;1838592;25919744;0.00;0.00;0.00;7182;101249;433724;404996;136;33;0;0;1907200;25965824;0.00;0.00;0.00;7450;101429;435516;405716;103;33;0;0;1946880;26026496;0.00;0.00;0.00;7605;101666;437084;406664;102;33;0;0;1839616;25972224;0.00;0.00;0.00;7186;101454;434560;405816;103;33;0;0;1895680;25990144;0.00;0.00;0.00;7405;101524;435716;406096;103;33;0;0;1885440;25974784;0.00;0.00;0.00;7365;101464;435316;405856;103;33;0;0;1828608;25964544;0.00;0.00;0.00;7143;101424;434268;405696;103;33;0;0;
1535069495;2195027366;1832448;25656576;0.00;0.00;0.00;7158;100221;429516;400884;147;33;0;0;1887488;25674496;0.00;0.00;0.00;7373;100291;430656;401164;135;33;0;0;1819648;25558016;0.00;0.00;0.00;7108;99836;427776;399344;135;33;0;0;1880576;25472768;0.00;0.00;0.00;7346;99503;427396;398012;136;33;0;0;1828096;25371904;0.00;0.00;0.00;7141;99109;425000;396436;136;33;0;0;1784576;25322752;0.00;0.00;0.00;6971;98917;423552;395668;135;33;0;0;1864960;25324288;0.00;0.00;0.00;7285;98923;424832;395692;102;33;0;0;1891840;25330688;0.00;0.00;0.00;7390;98948;425352;395792;103;33;0;0;1794816;25277184;0.00;0.00;0.00;7011;98739;423000;394956;103;33;0;0;1891840;25481472;0.00;0.00;0.00;7390;99537;427708;398148;102;33;0;0;1868544;25603840;0.00;0.00;0.55;7299;100015;429256;400060;102;33;0;0;1810432;25656832;0.00;0.00;0.00;7072;100222;429176;400888;102;33;0;0;
1535069496;2195095698;1843200;25662464;0.00;0.00;0.00;7200;100244;429776;400976;145;33;0;0;1863936;25649920;0.00;0.00;0.00;7281;100195;429904;400780;135;33;0;0;1802240;25627904;0.00;0.00;0.00;7040;100109;428596;400436;135;33;0;0;1904128;25692928;0.00;0.00;0.00;7438;100363;431204;401452;135;33;0;0;1871104;25662720;0.00;0.00;0.00;7309;100245;430216;400980;135;33;0;0;1806592;25628416;0.00;0.00;0.00;7057;100111;428672;400444;136;33;0;0;1876224;25653248;0.00;0.00;0.00;7329;100208;430148;400832;103;33;0;0;1928960;25697792;0.00;0.00;0.00;7535;100382;431668;401528;103;33;0;0;1825536;25646080;0.00;0.00;0.00;7131;100180;429244;400720;103;33;0;0;1863936;25476096;0.00;0.00;0.00;7281;99516;427188;398064;102;33;0;0;1836800;25320704;0.00;0.00;0.00;7175;98909;424336;395636;102;33;0;0;1805568;25256704;0.00;0.00;0.00;7053;98659;422848;394636;103;33;0;0;
1535069497;2195020432;1850880;25679360;0.00;0.00;0.00;7230;100310;430160;401240;134;33;0;0;1870080;25703680;0.00;0.00;0.00;7305;100405;430840;401620;135;33;0;0;1830656;25711872;0.00;0.00;0.00;7151;100437;430352;401748;134;33;0;0;1902848;25779712;0.00;0.00;0.00;7433;100702;432540;402808;134;33;0;0;1868800;25743360;0.00;0.00;0.00;7300;100560;431440;402240;135;33;0;0;1832704;25750016;0.00;0.00;0.00;7159;100586;430980;402344;136;33;0;0;1892352;25774080;0.00;0.00;0.00;7392;100680;432288;402720;103;33;0;0;1914624;25797120;0.00;0.00;0.00;7479;100770;432996;403080;103;33;0;0;1827072;25759232;0.00;0.00;0.00;7137;100622;431036;402488;103;33;0;0;1882368;25765376;0.00;0.00;0.00;7353;100646;431996;402584;103;33;0;0;1882368;25767424;0.00;0.00;0.00;7353;100654;432028;402616;103;33;0;0;1833472;25768192;0.00;0.00;0.00;7162;100657;431276;402628;103;33;0;0;
1535069498;2195033294;1854976;25673728;0.00;0.00;0.00;7246;100288;430136;401152;141;33;0;0;1859072;25687552;0.00;0.00;0.00;7262;100342;430416;401368;134;33;0;0;1816832;25674496;0.00;0.00;0.00;7097;100291;429552;401164;135;33;0;0;1883904;25702912;0.00;0.00;0.00;7359;100402;431044;401608;136;33;0;0;1859840;25689600;0.00;0.00;0.00;7265;100350;430460;401400;135;33;0;0;1810944;25676800;0.00;0.00;0.00;7074;100300;429496;401200;135;33;0;0;1897984;25700864;0.00;0.00;0.00;7414;100394;431232;401576;103;33;0;0;1915392;25714176;0.00;0.00;0.00;7482;100446;431712;401784;103;33;0;0;1806336;25657856;0.00;0.00;0.00;7056;100226;429128;400904;103;33;0;0;1863680;25669120;0.00;0.00;0.00;7280;100270;430200;401080;103;33;0;0;1861632;25672192;0.00;0.00;0.00;7272;100282;430216;401128;103;33;0;0;1825792;25677824;0.00;0.00;0.00;7132;100304;429744;401216;103;33;0;0;
1535069499;2195026346;1853184;25679360;0.00;0.00;0.00;7239;100310;430196;401240;141;33;0;0;1883392;25668096;0.00;0.00;0.00;7357;100266;430492;401064;134;33;0;0;1812992;25643520;0.00;0.00;0.00;7082;100170;429008;400680;135;33;0;0;1898240;25690624;0.00;0.00;0.00;7415;100354;431076;401416;135;33;0;0;1878016;25668864;0.00;0.00;0.00;7336;100269;430420;401076;135;33;0;0;1810432;25625088;0.00;0.00;0.00;7072;100098;428680;400392;136;33;0;0;1850112;25634816;0.00;0.00;0.00;7227;100136;429452;400544;105;33;0;0;1892864;25658624;0.00;0.00;0.00;7394;100229;430492;400916;103;33;0;0;1829120;25645056;0.00;0.00;0.00;7145;100176;429284;400704;103;33;0;0;1901312;25660672;0.00;0.00;0.00;7427;100237;430656;400948;103;33;0;0;1892864;25662464;0.00;0.00;0.00;7394;100244;430552;400976;103;33;0;0;1839360;25654272;0.00;0.00;0.00;7185;100212;429588;400848;103;33;0;0;
1535069500;2195099944;1846016;25675264;0.00;0.00;0.00;7211;100294;430020;401176;135;33;0;0;1860864;25656320;0.00;0.00;0.00;7269;100220;429956;400880;135;33;0;0;1825536;25656320;0.00;0.00;0.00;7131;100220;429404;400880;135;33;0;0;1895168;25686272;0.00;0.00;0.00;7403;100337;430960;401348;135;33;0;0;1848832;25644800;0.00;0.00;0.00;7222;100175;429588;400700;135;33;0;0;1810176;25634816;0.00;0.00;0.00;7071;100136;428828;400544;136;33;0;0;1876480;25655040;0.00;0.00;0.00;7330;100215;430180;400860;102;33;0;0;1909248;25684736;0.00;0.00;0.00;7458;100331;431156;401324;103;33;0;0;1810688;25638144;0.00;0.00;0.00;7073;100149;428888;400596;103;33;0;0;1882624;25663488;0.00;0.00;0.00;7354;100248;430408;400992;103;33;0;0;1875200;25654016;0.00;0.00;0.00;7325;100211;430144;400844;103;33;0;0;1813504;25638656;0.00;0.00;0.00;7084;100151;428940;400604;103;33;0;0;
1535069501;2195027688;1850880;25667584;0.00;0.00;0.00;7230;100264;429976;401056;134;33;0;0;1856768;25644032;0.00;0.00;0.00;7253;100172;429700;400688;135;33;0;0;1816576;25639936;0.00;0.00;0.00;7096;100156;429008;400624;135;33;0;0;1897216;25677824;0.00;0.00;0.00;7411;100304;430860;401216;135;33;0;0;1864960;25644032;0.00;0.00;0.00;7285;100172;429828;400688;135;33;0;0;1829888;25633792;0.00;0.00;0.00;7148;100132;429120;400528;136;33;0;0;1863168;25626368;0.00;0.00;0.00;7278;100103;429524;400412;103;33;0;0;1902848;25661952;0.00;0.00;0.00;7433;100242;430700;400968;103;33;0;0;1818880;25621760;0.00;0.00;0.00;7105;100085;428760;400340;103;33;0;0;1906944;25656576;0.00;0.00;0.00;7449;100221;430680;400884;111;33;0;0;1881344;25648128;0.00;0.00;0.00;7349;100188;430148;400752;103;33;0;0;1795328;25603072;0.00;0.00;0.64;7013;100012;428100;400048;103;33;0;0;
1535069502;2195033886;1827584;25660928;0.00;0.00;0.00;7139;100238;429508;400952;134;33;0;0;1872640;25677056;0.00;0.00;0.00;7315;100301;430464;401204;135;33;0;0;1801984;25645312;0.00;0.00;0.00;7039;100177;428864;400708;136;33;0;0;1898496;25724928;0.00;0.00;0.00;7416;100488;431616;401952;135;33;0;0;1886976;25720064;0.00;0.00;0.00;7371;100469;431360;401876;135;33;0;0;1852416;25714432;0.00;0.00;0.00;7236;100447;430732;401788;136;33;0;0;1889536;25714688;0.00;0.00;0.00;7381;100448;431316;401792;103;33;0;0;1945600;25764864;0.00;0.00;0.00;7600;100644;432976;402576;103;33;0;0;1835008;25712128;0.00;0.00;0.00;7168;100438;430424;401752;103;33;0;0;1890048;25716992;0.00;0.00;0.00;7383;100457;431360;401828;103;33;0;0;1861376;25707264;0.00;0.00;0.00;7271;100419;430760;401676;103;33;0;0;1836288;25710592;0.00;0.00;0.00;7173;100432;430420;401728;103;33;0;0;
1535069503;2195028278;1841664;25660416;0.00;0.00;0.00;7194;100236;429720;400944;134;33;0;0;1876224;25713408;0.00;0.00;0.00;7329;100443;431088;401772;135;33;0;0;1827584;25699584;0.00;0.00;0.00;7139;100389;430112;401556;134;33;0;0;1908992;25745152;0.00;0.00;0.00;7457;100567;432096;402268;135;33;0;0;1891584;25734912;0.00;0.00;0.00;7389;100527;431664;402108;136;33;0;0;1822720;25718528;0.00;0.00;0.00;7120;100463;430332;401852;136;33;0;0;1896960;25733888;0.00;0.00;0.00;7410;100523;431732;402092;101;33;0;0;1925888;25930240;0.00;0.00;0.00;7523;101290;435252;405160;102;33;0;0;1845504;26045440;0.00;0.00;0.00;7209;101740;435796;406960;102;33;0;0;1899776;26138624;0.00;0.00;0.00;7421;102104;438100;408416;102;33;0;0;1900800;26189312;0.00;0.00;0.00;7425;102302;438908;409208;103;33;0;0;1852416;26217728;0.00;0.00;0.00;7236;102413;438596;409652;103;33;0;0;
1535069504;2195097458;1841152;25666304;0.00;0.00;0.00;7192;100259;429804;401036;134;33;0;0;1835520;25638144;0.00;0.00;0.00;7170;100149;429276;400596;135;33;0;0;1846016;25682176;0.00;0.00;0.00;7211;100321;430128;401284;135;33;0;0;1924096;25721344;0.00;0.00;0.00;7516;100474;431960;401896;135;33;0;0;1858816;25669632;0.00;0.00;0.00;7261;100272;430132;401088;135;33;0;0;1832960;25656320;0.00;0.00;0.00;7160;100220;429520;400880;135;33;0;0;1883904;25660928;0.00;0.00;0.00;7359;100238;430388;400952;102;33;0;0;1898240;25496064;0.00;0.00;0.00;7415;99594;428036;398376;102;33;0;0;1790208;25295872;0.00;0.00;0.00;6993;98812;423220;395248;103;33;0;0;1854720;25227008;0.00;0.00;0.00;7245;98543;423152;394172;103;33;0;0;1818368;25157376;0.00;0.00;0.00;7103;98271;421496;393084;102;33;0;0;1771008;25112576;0.00;0.00;0.00;6918;98096;420056;392384;103;33;0;0;
1535069505;2195023702;1834240;25658624;0.00;0.00;0.00;7165;100229;429576;400916;134;33;0;0;1884928;25655040;0.00;0.00;0.00;7363;100215;430312;400860;135;33;0;0;1805312;25638656;0.00;0.00;0.00;7052;100151;428812;400604;135;33;0;0;1905408;25691392;0.00;0.00;0.00;7443;100357;431200;401428;135;33;0;0;1878784;25672192;0.00;0.00;0.00;7339;100282;430484;401128;135;33;0;0;1822976;25638656;0.00;0.00;0.00;7121;100151;429088;400604;136;33;0;0;1909760;25676288;0.00;0.00;0.00;7460;100298;431032;401192;103;33;0;0;1914112;25671936;0.00;0.00;0.00;7477;100281;431032;401124;103;33;0;0;1813504;25623808;0.00;0.00;0.00;7084;100093;428708;400372;103;33;0;0;1878272;25641216;0.00;0.00;0.00;7337;100161;429992;400644;103;33;0;0;1896192;25662208;0.00;0.00;0.00;7407;100243;430600;400972;103;33;0;0;1812736;25623808;0.00;0.00;0.00;7081;100093;428696;400372;103;33;0;0;
1535069506;2195027674;1828608;25653760;0.00;0.00;0.00;7143;100210;429412;400840;134;33;0;0;1850368;25637120;0.00;0.00;0.00;7228;100145;429492;400580;135;33;0;0;1819648;25641472;0.00;0.00;0.00;7108;100162;429080;400648;135;33;0;0;1894656;25806336;0.00;0.00;0.00;7401;100806;432828;403224;134;33;0;0;1887488;25895936;0.00;0.00;0.00;7373;101156;434116;404624;134;33;0;0;1842944;25935360;0.00;0.00;0.00;7199;101310;434036;405240;136;33;0;0;1903360;26005248;0.00;0.00;0.00;7435;101583;436072;406332;103;33;0;0;1931008;26061056;0.00;0.00;0.00;7543;101801;437376;407204;103;33;0;0;1833472;26021120;0.00;0.00;0.00;7162;101645;435228;406580;103;33;0;0;1900800;26059776;0.00;0.00;0.00;7425;101796;436884;407184;103;33;0;0;1916160;26077696;0.00;0.00;0.00;7485;101866;437404;407464;103;33;0;0;1834752;26041088;0.00;0.00;0.00;7167;101723;435560;406892;103;33;0;0;
1535069507;2195038634;1854208;25684992;0.00;0.00;0.00;7243;100332;430300;401328;134;33;0;0;1860864;25710080;0.00;0.00;0.00;7269;100430;430796;401720;135;33;0;0;1828864;25736960;0.00;0.00;0.00;7144;100535;430716;402140;135;33;0;0;1923328;25696256;0.00;0.00;0.00;7513;100376;431556;401504;135;33;0;0;1880832;25568768;0.00;0.00;0.00;7347;99878;428900;399512;136;33;0;0;1806592;25489408;0.00;0.00;0.00;7057;99568;426500;398272;135;33;0;0;1861376;25451008;0.00;0.00;0.00;7271;99418;426756;397672;102;33;0;0;1866496;25436416;0.00;0.00;0.00;7291;99361;426608;397444;103;33;0;0;1795328;25390592;0.00;0.00;0.00;7013;99182;424780;396728;103;33;0;0;1850624;25384960;0.00;0.00;0.00;7229;99160;425556;396640;103;33;0;0;1840384;25381120;0.00;0.00;0.00;7189;99145;425336;396580;103;33;0;0;1801216;25380096;0.00;0.00;0.00;7036;99141;424708;396564;103;33;0;0;
1535069508;2195079688;1835776;25650432;0.00;0.00;0.00;7171;100197;429472;400788;134;33;0;0;1867776;25661440;0.00;0.00;0.00;7296;100240;430144;400960;134;33;0;0;1827072;25644800;0.00;0.00;0.00;7137;100175;429248;400700;135;33;0;0;1895168;25674240;0.00;0.00;0.00;7403;100290;430772;401160;135;33;0;0;1888512;25670144;0.00;0.00;0.00;7377;100274;430604;401096;135;33;0;0;1825024;25631232;0.00;0.00;0.00;7129;100122;429004;400488;135;33;0;0;1895168;25651456;0.00;0.00;0.00;7403;100201;430416;400804;104;33;0;0;1893632;25651456;0.00;0.00;0.00;7397;100201;430392;400804;103;33;0;0;1828096;25631488;0.00;0.00;0.00;7141;100123;429056;400492;103;33;0;0;1886464;25645568;0.00;0.00;0.00;7369;100178;430188;400712;103;33;0;0;1855488;25625856;0.00;0.00;0.00;7248;100101;429396;400404;103;33;0;0;1805312;25609216;0.00;0.00;0.00;7052;100036;428352;400144;103;33;0;0;
1535069509;2195019990;1844480;25674496;0.00;0.00;0.00;7205;100291;429984;401164;134;33;0;0;1863424;25647360;0.00;0.00;0.00;7279;100185;429856;400740;135;33;0;0;1800192;25626880;0.00;0.00;0.00;7032;100105;428548;400420;135;33;0;0;1864192;25646592;0.00;0.00;0.00;7282;100182;429856;400728;135;33;0;0;1874688;25660416;0.00;0.00;0.00;7323;100236;430236;400944;135;33;0;0;1807360;25622272;0.00;0.00;0.00;7060;100087;428588;400348;136;33;0;0;1885952;25655808;0.00;0.00;0.00;7367;100218;430340;400872;103;33;0;0;1924608;25684480;0.00;0.00;0.00;7518;100330;431392;401320;103;33;0;0;1812736;25625856;0.00;0.00;0.00;7081;100101;428728;400404;103;33;0;0;1902848;25665280;0.00;0.00;0.00;7433;100255;430752;401020;103;33;0;0;1854208;25627392;0.00;0.00;0.00;7243;100107;429400;400428;103;33;0;0;1815040;25628416;0.00;0.00;0.00;7090;100111;428804;400444;103;33;0;0;
1535069510;2195030662;1825024;25652224;0.00;0.00;0.00;7129;100204;429332;400816;134;33;0;0;1871616;25658624;0.00;0.00;0.00;7311;100229;430160;400916;135;33;0;0;1821952;25641472;0.00;0.00;0.00;7117;100162;429116;400648;135;33;0;0;1962496;25730816;0.00;0.00;0.00;7666;100511;432708;402044;135;33;0;0;1898752;25678080;0.00;0.00;0.00;7417;100305;430888;401220;135;33;0;0;1819136;25621504;0.00;0.00;0.00;7106;100084;428760;400336;136;33;0;0;1875456;25631488;0.00;0.00;0.00;7326;100123;429796;400492;103;33;0;0;1923584;25846784;0.00;0.00;0.00;7514;100964;433912;403856;102;33;0;0;1843968;25948672;0.00;0.00;0.00;7203;101362;434260;405448;102;33;0;0;1912064;26053376;0.00;0.00;0.00;7469;101771;436960;407084;102;33;0;0;1896960;26093824;0.00;0.00;0.00;7410;101929;437356;407716;103;33;0;0;1851136;26116864;0.00;0.00;0.00;7231;102019;437000;408076;103;33;0;0;
1535069511;2195027518;1835520;25658368;0.00;0.00;0.00;7170;100228;429592;400912;134;33;0;0;1879040;25667328;0.00;0.00;0.00;7340;100263;430412;401052;135;33;0;0;1816832;25651712;0.00;0.00;0.00;7097;100202;429196;400808;135;33;0;0;1917696;25714688;0.00;0.00;0.00;7491;100448;431756;401792;135;33;0;0;1853696;25659648;0.00;0.00;0.00;7241;100233;429896;400932;135;33;0;0;1810944;25641472;0.00;0.00;0.00;7074;100162;428944;400648;136;33;0;0;1839104;25633792;0.00;0.00;0.00;7184;100132;429264;400528;103;33;0;0;1920768;25531904;0.00;0.00;0.00;7503;99734;428948;398936;102;33;0;0;1784576;25315840;0.00;0.00;0.00;6971;98890;423444;395560;103;33;0;0;1850624;25257216;0.00;0.00;0.00;7229;98661;423560;394644;103;33;0;0;1820160;25187584;0.00;0.00;0.00;7110;98389;421996;393556;102;33;0;0;1783040;25150976;0.00;0.00;0.00;6965;98246;420844;392984;102;33;0;0;
1535069512;2195075884;1837056;25663488;0.00;0.00;0.00;7176;100248;429696;400992;134;33;0;0;1858816;25657856;0.00;0.00;0.00;7261;100226;429948;400904;135;33;0;0;1822720;25659904;0.00;0.00;0.00;7120;100234;429416;400936;135;33;0;0;1899776;25696000;0.00;0.00;0.00;7421;100375;431184;401500;135;33;0;0;1856256;25666048;0.00;0.00;0.00;7251;100258;430036;401032;135;33;0;0;1826048;25653760;0.00;0.00;0.00;7133;100210;429372;400840;136;33;0;0;1895424;25678336;0.00;0.00;0.00;7404;100306;430840;401224;103;33;0;0;1938176;25711872;0.00;0.00;0.00;7571;100437;432032;401748;103;33;0;0;1808128;25630720;0.00;0.00;0.00;7063;100120;428732;400480;103;33;0;0;1873408;25652992;0.00;0.00;0.00;7318;100207;430100;400828;103;33;0;0;1865728;25676544;0.00;0.00;0.00;7288;100299;430348;401196;102;33;0;0;1818368;25848832;0.00;0.00;0.00;7103;100972;432300;403888;102;33;0;0;
1535069513;2195030254;1835008;25655808;0.00;0.00;0.00;7168;100218;429544;400872;134;33;0;0;1857024;25648384;0.00;0.00;0.00;7254;100189;429772;400756;135;33;0;0;1828352;25656320;0.00;0.00;0.00;7142;100220;429448;400880;136;33;0;0;1893632;25689344;0.00;0.00;0.00;7397;100349;430984;401396;135;33;0;0;1863424;25664768;0.00;0.00;0.00;7279;100253;430128;401012;135;33;0;0;1811200;25632768;0.00;0.00;0.00;7075;100128;428812;400512;136;33;0;0;1851392;25628928;0.00;0.00;0.00;7232;100113;429380;400452;103;33;0;0;1933056;25695232;0.00;0.00;0.00;7551;100372;431692;401488;103;33;0;0;1825536;25649920;0.00;0.00;0.00;7131;100195;429304;400780;103;33;0;0;1882368;25662208;0.00;0.00;0.00;7353;100243;430384;400972;103;33;0;0;1862912;25622528;0.00;0.00;0.00;7277;100088;429460;400352;102;33;0;0;1784832;25404160;0.00;0.00;0.00;6972;99235;424828;396940;102;33;0;0;
1535069514;2195024528;1831424;25652992;0.00;0.00;0.00;7154;100207;429444;400828;134;33;0;0;1868544;25679616;0.00;0.00;0.00;7299;100311;430440;401244;135;33;0;0;1828608;25689856;0.00;0.00;0.00;7143;100351;429976;401404;135;33;0;0;1923840;25764096;0.00;0.00;0.00;7515;100641;432624;402564;135;33;0;0;1883648;25733632;0.00;0.00;0.00;7358;100522;431520;402088;135;33;0;0;1803520;25689088;0.00;0.00;0.00;7045;100348;429572;401392;136;33;0;0;1871872;25730816;0.00;0.00;0.00;7312;100511;431292;402044;103;33;0;0;1903104;25760256;0.00;0.00;0.00;7434;100626;432240;402504;103;33;0;0;1816576;25715712;0.00;0.00;0.00;7096;100452;430192;401808;103;33;0;0;1885440;25746688;0.00;0.00;0.00;7365;100573;431752;402292;103;33;0;0;1889280;25740800;0.00;0.00;0.00;7380;100550;431720;402200;103;33;0;0;1826560;25726208;0.00;0.00;0.00;7135;100493;430512;401972;103;33;0;0;
1535069515;2195028052;1840640;25665536;0.00;0.00;0.00;7190;100256;429784;401024;134;33;0;0;1880064;25690624;0.00;0.00;0.00;7344;100354;430792;401416;135;33;0;0;1829376;25670912;0.00;0.00;0.00;7146;100277;429692;401108;134;33;0;0;1879040;25707008;0.00;0.00;0.00;7340;100418;431032;401672;134;33;0;0;1865984;25688576;0.00;0.00;0.00;7289;100346;430540;401384;136;33;0;0;1814784;25672448;0.00;0.00;0.00;7089;100283;429488;401132;136;33;0;0;1864960;25677056;0.00;0.00;0.00;7285;100301;430344;401204;103;33;0;0;1932800;25735168;0.00;0.00;0.00;7550;100528;432312;402112;103;33;0;0;1811200;25662976;0.00;0.00;0.00;7075;100246;429284;400984;103;33;0;0;1872128;25680384;0.00;0.00;0.00;7313;100314;430508;401256;103;33;0;0;1877760;25694976;0.00;0.00;0.00;7335;100371;430824;401484;103;33;0;0;1813504;25667072;0.00;0.00;0.00;7084;100262;429384;401048;103;33;0;0;
1535069516;2195069334;1825536;25652736;0.00;0.00;0.00;7131;100206;429348;400824;134;33;0;0;1856768;25689856;0.00;0.00;0.00;7253;100351;430416;401404;134;33;0;0;1835008;25710080;0.00;0.00;0.00;7168;100430;430392;401720;135;33;0;0;1846528;25684224;0.00;0.00;0.00;7213;100329;430168;401316;136;33;0;0;1863936;25713920;0.00;0.00;0.00;7281;100445;430904;401780;135;33;0;0;1826048;25700864;0.00;0.00;0.00;7133;100394;430108;401576;135;33;0;0;1901056;25714432;0.00;0.00;0.00;7426;100447;431492;401788;103;33;0;0;1914624;25723392;0.00;0.00;0.00;7479;100482;431844;401928;103;33;0;0;1841664;25704704;0.00;0.00;0.00;7194;100409;430412;401636;103;33;0;0;1853952;25682944;0.00;0.00;0.00;7242;100324;430264;401296;103;33;0;0;1870848;25698304;0.00;0.00;0.00;7308;100384;430768;401536;103;33;0;0;1833472;25694976;0.00;0.00;0.00;7162;100371;430132;401484;103;33;0;0;
1535069517;2195021764;1835520;25656576;0.00;0.00;0.00;7170;100221;429564;400884;134;33;0;0;1867776;25647872;0.00;0.00;0.00;7296;100187;429932;400748;135;33;0;0;1824768;25647360;0.00;0.00;0.00;7128;100185;429252;400740;135;33;0;0;1846272;25773568;0.00;0.00;0.00;7212;100678;431560;402712;134;33;0;0;1906688;25890304;0.00;0.00;0.00;7448;101134;434328;404536;134;33;0;0;1848320;25907200;0.00;0.00;0.00;7220;101200;433680;404800;136;33;0;0;1907712;25960192;0.00;0.00;0.00;7452;101407;435436;405628;103;33;0;0;1945600;26021120;0.00;0.00;0.00;7600;101645;436980;406580;103;33;0;0;1838336;25967872;0.00;0.00;0.00;7181;101437;434472;405748;103;33;0;0;1908480;25986304;0.00;0.00;0.00;7455;101509;435856;406036;103;33;0;0;1881856;25976064;0.00;0.00;0.00;7351;101469;435280;405876;103;33;0;0;1827072;25961472;0.00;0.00;0.00;7137;101412;434196;405648;103;33;0;0;
1535069518;2195030092;1834240;25663488;0.00;0.00;0.00;7165;100248;429652;400992;134;33;0;0;1848576;25677312;0.00;0.00;0.00;7221;100302;430092;401208;135;33;0;0;1836032;25752576;0.00;0.00;0.00;7172;100596;431072;402384;135;33;0;0;1818112;25620992;0.00;0.00;0.00;7102;100082;428736;400328;134;33;0;0;1861888;25584896;0.00;0.00;0.00;7273;99941;428856;399764;136;33;0;0;1805056;25526784;0.00;0.00;0.00;7051;99714;427060;398856;135;33;0;0;1876992;25533696;0.00;0.00;0.00;7332;99741;428292;398964;102;33;0;0;1914880;25540864;0.00;0.00;0.00;7480;99769;428996;399076;102;33;0;0;1786624;25456384;0.00;0.00;0.00;6979;99439;425672;397756;103;33;0;0;1873920;25502464;0.00;0.00;0.00;7320;99619;427756;398476;103;33;0;0;1841920;25468928;0.00;0.00;0.00;7195;99488;426732;397952;103;33;0;0;1800448;25468160;0.00;0.00;0.00;7033;99485;426072;397940;103;33;0;0;
1535069519;2195026248;1839616;25659648;0.00;0.00;0.00;7186;100233;429676;400932;134;33;0;0;1864960;25598720;0.00;0.00;0.00;7285;99995;429120;399980;134;33;0;0;1810688;25544448;0.00;0.00;0.00;7073;99783;427424;399132;136;33;0;0;1847808;25503488;0.00;0.00;0.00;7218;99623;427364;398492;136;33;0;0;1828096;25475072;0.00;0.00;0.00;7141;99512;426612;398048;135;33;0;0;1802240;25458432;0.00;0.00;0.00;7040;99447;425948;397788;135;33;0;0;1858304;25459968;0.00;0.00;0.00;7259;99453;426848;397812;103;33;0;0;1891072;25482496;0.00;0.00;0.00;7387;99541;427712;398164;103;33;0;0;1808128;25447424;0.00;0.00;0.00;7063;99404;425868;397616;103;33;0;0;1866752;25469696;0.00;0.00;0.00;7292;99491;427132;397964;103;33;0;0;1847296;25451008;0.00;0.00;0.00;7216;99418;426536;397672;103;33;0;0;1801984;25441280;0.00;0.00;0.00;7039;99380;425676;397520;103;33;0;0;
1535069520;2195076242;1829376;25655040;0.00;0.00;0.00;7146;100215;429444;400860;134;33;0;0;1882368;25692160;0.00;0.00;0.00;7353;100360;430852;401440;135;33;0;0;1820928;25677568;0.00;0.00;0.00;7113;100303;429664;401212;135;33;0;0;1860864;25717760;0.00;0.00;0.00;7269;100460;430916;401840;135;33;0;0;1876992;25725696;0.00;0.00;0.00;7332;100491;431292;401964;135;33;0;0;1816832;25694208;0.00;0.00;0.00;7097;100368;429860;401472;136;33;0;0;1886464;25730048;0.00;0.00;0.00;7369;100508;431508;402032;103;33;0;0;1932032;25773824;0.00;0.00;0.00;7547;100679;432904;402716;103;33;0;0;1820160;25715456;0.00;0.00;0.00;7110;100451;430244;401804;103;33;0;0;1863936;25719040;0.00;0.00;0.00;7281;100465;430984;401860;103;33;0;0;1862912;25723136;0.00;0.00;0.00;7277;100481;431032;401924;103;33;0;0;1812736;25709824;0.00;0.00;0.00;7081;100429;430040;401716;103;33;0;0;
1535069521;2195024608;1837312;25656320;0.00;0.00;0.00;7177;100220;429588;400880;134;33;0;0;1881856;25699072;0.00;0.00;0.00;7351;100387;430952;401548;135;33;0;0;1814784;25670400;0.00;0.00;0.00;7089;100275;429456;401100;134;33;0;0;1872896;25708544;0.00;0.00;0.00;7316;100424;430960;401696;135;33;0;0;1876224;25704192;0.00;0.00;0.00;7329;100407;430944;401628;136;33;0;0;1804800;25679104;0.00;0.00;0.00;7050;100309;429436;401236;136;33;0;0;1916160;25737728;0.00;0.00;0.00;7485;100538;432092;402152;103;33;0;0;1893632;25716992;0.00;0.00;0.00;7397;100457;431416;401828;103;33;0;0;1811712;25677312;0.00;0.00;0.00;7077;100302;429516;401208;103;33;0;0;1868800;25695232;0.00;0.00;0.00;7300;100372;430688;401488;103;33;0;0;1884416;25706240;0.00;0.00;0.00;7361;100415;431104;401660;103;33;0;0;1836800;25701888;0.00;0.00;0.00;7175;100398;430292;401592;103;33;0;0;
1535069522;2195026856;1850112;25676800;0.00;0.00;0.00;7227;100300;430108;401200;134;33;0;0;1876480;25684736;0.00;0.00;0.00;7330;100331;430644;401324;134;33;0;0;1823488;25671424;0.00;0.00;0.00;7123;100279;429608;401116;135;33;0;0;1915392;25722112;0.00;0.00;0.00;7482;100477;431836;401908;135;33;0;0;1874688;25690112;0.00;0.00;0.00;7323;100352;430700;401408;135;33;0;0;1818624;25661184;0.00;0.00;0.00;7104;100239;429372;400956;135;33;0;0;1895936;25677824;0.00;0.00;0.00;7406;100304;430840;401216;103;33;0;0;1922048;25709056;0.00;0.00;0.00;7508;100426;431736;401704;103;33;0;0;1817344;25654272;0.00;0.00;0.00;7099;100212;429244;400848;103;33;0;0;1867776;25658624;0.00;0.00;0.00;7296;100229;430100;400916;103;33;0;0;1864704;25659136;0.00;0.00;0.00;7284;100231;430060;400924;103;33;0;0;1806336;25640960;0.00;0.00;0.00;7056;100160;428864;400640;103;33;0;0;
1535069523;2195051518;1824512;25654784;0.00;0.00;0.00;7127;100214;429364;400856;134;33;0;0;1901568;25692672;0.00;0.00;0.00;7428;100362;431160;401448;135;33;0;0;1815808;25650432;0.00;0.00;0.00;7093;100197;429160;400788;135;33;0;0;1900032;25700864;0.00;0.00;0.00;7422;100394;431264;401576;135;33;0;0;1899776;25699072;0.00;0.00;0.00;7421;100387;431232;401548;135;33;0;0;1821184;25651968;0.00;0.00;0.00;7114;100203;429268;400812;137;33;0;0;1874688;25659648;0.00;0.00;0.00;7323;100233;430224;400932;103;33;0;0;1879040;25662208;0.00;0.00;0.00;7340;100243;430332;400972;103;33;0;0;1825536;25657856;0.00;0.00;0.00;7131;100226;429428;400904;103;33;0;0;1869568;25665792;0.00;0.00;0.00;7303;100257;430240;401028;102;33;0;0;1870080;25847040;0.00;0.00;0.00;7305;100965;433080;403860;102;33;0;0;1843968;26010112;0.00;0.00;0.00;7203;101602;435220;406408;102;33;0;0;
1535069524;2195078120;1832192;25653248;0.00;0.00;0.00;7157;100208;429460;400832;134;33;0;0;1881600;25678848;0.00;0.00;0.00;7350;100308;430632;401232;135;33;0;0;1822720;25657088;0.00;0.00;0.00;7120;100223;429372;400892;135;33;0;0;1859584;25657344;0.00;0.00;0.00;7264;100224;429952;400896;135;33;0;0;1865472;25663744;0.00;0.00;0.00;7287;100249;430144;400996;136;33;0;0;1831936;25657856;0.00;0.00;0.00;7156;100226;429528;400904;135;33;0;0;1895168;25833728;0.00;0.00;0.00;7403;100913;433264;403652;102;33;0;0;1934080;25992448;0.00;0.00;0.00;7555;101533;436352;406132;102;33;0;0;1843200;26017280;0.00;0.00;0.00;7200;101630;435320;406520;103;33;0;0;1914624;26092032;0.00;0.00;0.00;7479;101922;437604;407688;102;33;0;0;1893888;25926912;0.00;0.00;0.00;7398;101277;434700;405108;102;33;0;0;1829120;25768960;0.00;0.00;0.00;7145;100660;431220;402640;103;33;0;0;
1535069525;2195026630;1841664;25663232;0.00;0.00;0.00;7194;100247;429764;400988;134;33;0;0;1876480;25651712;0.00;0.00;0.00;7330;100202;430128;400808;135;33;0;0;1806592;25627392;0.00;0.00;0.00;7057;100107;428656;400428;135;33;0;0;1915392;25698816;0.00;0.00;0.00;7482;100386;431472;401544;135;33;0;0;1865728;25651456;0.00;0.00;0.00;7288;100201;429956;400804;135;33;0;0;1816832;25634048;0.00;0.00;0.00;7097;100133;428920;400532;136;33;0;0;1860352;25472256;0.00;0.00;0.00;7267;99501;427072;398004;102;33;0;0;1877248;25367808;0.00;0.00;0.00;7333;99093;425704;396372;102;33;0;0;1770496;25238272;0.00;0.00;0.00;6916;98587;422012;394348;102;33;0;0;1858816;25228288;0.00;0.00;0.00;7261;98548;423236;394192;102;33;0;0;1831680;25177856;0.00;0.00;0.00;7155;98351;422024;393404;102;33;0;0;1773056;25136640;0.00;0.00;0.00;6926;98190;420464;392760;102;33;0;0;
1535069526;2195024138;1863424;25686528;0.00;0.00;0.00;7279;100338;430468;401352;134;33;0;0;1884160;25671936;0.00;0.00;0.00;7360;100281;430564;401124;135;33;0;0;1804800;25639168;0.00;0.00;0.00;7050;100153;428812;400612;136;33;0;0;1886464;25675520;0.00;0.00;0.00;7369;100295;430656;401180;135;33;0;0;1874432;25667584;0.00;0.00;0.00;7322;100264;430344;401056;135;33;0;0;1815296;25629440;0.00;0.00;0.00;7091;100115;428824;400460;136;33;0;0;1866240;25632768;0.00;0.00;0.00;7290;100128;429672;400512;103;33;0;0;1901824;25669888;0.00;0.00;0.00;7429;100273;430808;401092;103;33;0;0;1811712;25625600;0.00;0.00;0.00;7077;100100;428708;400400;103;33;0;0;1862400;25626368;0.00;0.00;0.00;7275;100103;429512;400412;103;33;0;0;1863680;25634304;0.00;0.00;0.00;7280;100134;429656;400536;103;33;0;0;1829888;25650688;0.00;0.00;0.00;7148;100198;429384;400792;102;33;0;0;
1535069527;2195034656;1837056;25652992;0.00;0.00;0.00;7176;100207;429532;400828;135;33;0;0;1867264;25677568;0.00;0.00;0.00;7294;100303;430388;401212;135;33;0;0;1822208;25665280;0.00;0.00;0.00;7118;100255;429492;401020;135;33;0;0;1854208;25684992;0.00;0.00;0.00;7243;100332;430300;401328;135;33;0;0;1874176;25707776;0.00;0.00;0.00;7321;100421;430968;401684;135;33;0;0;1838336;25699072;0.00;0.00;0.00;7181;100387;430272;401548;136;33;0;0;1865984;25694976;0.00;0.00;0.00;7289;100371;430640;401484;103;33;0;0;1906944;25735936;0.00;0.00;0.00;7449;100531;431920;402124;103;33;0;0;1826560;25709568;0.00;0.00;0.00;7135;100428;430252;401712;102;33;0;0;1877504;25897984;0.00;0.00;0.00;7334;101164;433992;404656;102;33;0;0;1891584;26037248;0.00;0.00;0.00;7389;101708;436388;406832;102;33;0;0;1860352;26120704;0.00;0.00;0.00;7267;102034;437204;408136;101;33;0;0;
1535069528;2195076180;1836032;25658368;0.00;0.00;0.00;7172;100228;429600;400912;134;33;0;0;1903872;25727744;0.00;0.00;0.00;7437;100499;431744;401996;135;33;0;0;1822464;25695232;0.00;0.00;0.00;7119;100372;429964;401488;134;33;0;0;1895680;25749760;0.00;0.00;0.00;7405;100585;431960;402340;135;33;0;0;1858816;25717760;0.00;0.00;0.00;7261;100460;430884;401840;135;33;0;0;1840384;25886976;0.00;0.00;0.00;7189;101121;433240;404484;135;33;0;0;1920512;26021376;0.00;0.00;0.00;7502;101646;436592;406584;102;33;0;0;1912064;26095872;0.00;0.00;0.00;7469;101937;437624;407748;102;33;0;0;1868288;26128896;0.00;0.00;0.00;7298;102066;437456;408264;102;33;0;0;1929472;25992448;0.00;0.00;0.00;7537;101533;436280;406132;102;33;0;0;1873920;25844992;0.00;0.00;0.00;7320;100957;433108;403828;103;33;0;0;1832704;25759488;0.00;0.00;0.00;7159;100623;431128;402492;103;33;0;0;
1535069529;2195031588;1837824;25653760;0.00;0.00;0.00;7179;100210;429556;400840;134;33;0;0;1874944;25673728;0.00;0.00;0.00;7324;100288;430448;401152;134;33;0;0;1835008;25674240;0.00;0.00;0.00;7168;100290;429832;401160;135;33;0;0;1875456;25664000;0.00;0.00;0.00;7326;100250;430304;401000;135;33;0;0;1869056;25661952;0.00;0.00;0.00;7301;100242;430172;400968;135;33;0;0;1813760;25487872;0.00;0.00;0.00;7085;99562;426588;398248;135;33;0;0;1835776;25344256;0.00;0.00;0.00;7171;99001;424688;396004;103;33;0;0;1902336;25329152;0.00;0.00;0.00;7431;98942;425492;395768;103;33;0;0;1800448;25241600;0.00;0.00;0.00;7033;98600;422532;394400;102;33;0;0;1874432;25224448;0.00;0.00;0.00;7322;98533;423420;394132;102;33;0;0;1854208;25202432;0.00;0.00;0.00;7243;98447;422760;393788;103;33;0;0;1782784;25172736;0.00;0.00;0.00;6964;98331;421180;393324;103;33;0;0;
1535069530;2195024404;1860864;25681664;0.00;0.00;0.00;7269;100319;430352;401276;134;33;0;0;1862144;25646592;0.00;0.00;0.00;7274;100182;429824;400728;135;33;0;0;1811456;25638656;0.00;0.00;0.00;7076;100151;428908;400604;135;33;0;0;1887744;25675264;0.00;0.00;0.00;7374;100294;430672;401176;135;33;0;0;1874944;25663488;0.00;0.00;0.00;7324;100248;430288;400992;135;33;0;0;1815296;25626880;0.00;0.00;0.00;7091;100105;428784;400420;136;33;0;0;1877504;25647616;0.00;0.00;0.00;7334;100186;430080;400744;103;33;0;0;1928192;25687296;0.00;0.00;0.00;7532;100341;431492;401364;103;33;0;0;1820672;25631232;0.00;0.00;0.00;7112;100122;428936;400488;103;33;0;0;1855232;25624832;0.00;0.00;0.00;7247;100097;429376;400388;103;33;0;0;1875968;25646080;0.00;0.00;0.00;7328;100180;430032;400720;103;33;0;0;1819136;25627136;0.00;0.00;0.00;7106;100106;428848;400424;103;33;0;0;
1535069531;2195060838;1845504;25672192;0.00;0.00;0.00;7209;100282;429964;401128;134;33;0;0;1869056;25648128;0.00;0.00;0.00;7301;100188;429956;400752;135;33;0;0;1804800;25621760;0.00;0.00;0.00;7050;100085;428540;400340;136;33;0;0;1915392;25689600;0.00;0.00;0.00;7482;100350;431328;401400;135;33;0;0;1858560;25634816;0.00;0.00;0.00;7260;100136;429584;400544;135;33;0;0;1826048;25634048;0.00;0.00;0.00;7133;100133;429064;400532;136;33;0;0;1862912;25624832;0.00;0.00;0.00;7277;100097;429496;400388;103;33;0;0;1940736;25690368;0.00;0.00;0.00;7581;100353;431736;401412;103;33;0;0;1819904;25628672;0.00;0.00;0.00;7109;100112;428884;400448;103;33;0;0;1867776;25628160;0.00;0.00;0.00;7296;100110;429624;400440;103;33;0;0;1876480;25647360;0.00;0.00;0.00;7330;100185;430060;400740;103;33;0;0;1811456;25622784;0.00;0.00;0.00;7076;100089;428660;400356;103;33;0;0;
1535069532;2195087658;1820928;25646592;0.00;0.00;0.00;7113;100182;429180;400728;134;33;0;0;1847808;25659136;0.00;0.00;0.00;7218;100231;429796;400924;135;33;0;0;1817344;25672448;0.00;0.00;0.00;7099;100283;429528;401132;135;33;0;0;1869312;25712384;0.00;0.00;0.00;7302;100439;430964;401756;135;33;0;0;1881600;25723904;0.00;0.00;0.00;7350;100484;431336;401936;135;33;0;0;1822976;25693952;0.00;0.00;0.00;7121;100367;429952;401468;137;33;0;0;1890304;25728768;0.00;0.00;0.00;7384;100503;431548;402012;103;33;0;0;1924608;25763584;0.00;0.00;0.00;7518;100639;432628;402556;103;33;0;0;1821952;25707008;0.00;0.00;0.00;7117;100418;430140;401672;103;33;0;0;1872896;25715456;0.00;0.00;0.00;7316;100451;431068;401804;103;33;0;0;1894656;25728768;0.00;0.00;0.00;7401;100503;431616;402012;103;33;0;0;1819392;25702400;0.00;0.00;0.00;7107;100400;430028;401600;103;33;0;0;
1535069533;2195026870;1823744;25653504;0.00;0.00;0.00;7124;100209;429332;400836;134;33;0;0;1886976;25722624;0.00;0.00;0.00;7371;100479;431400;401916;135;33;0;0;1818624;25704192;0.00;0.00;0.00;7104;100407;430044;401628;134;33;0;0;1884672;25739776;0.00;0.00;0.00;7362;100546;431632;402184;135;33;0;0;1862912;25735680;0.00;0.00;0.00;7277;100530;431228;402120;136;33;0;0;1810432;25722880;0.00;0.00;0.00;7072;100480;430208;401920;135;33;0;0;1867520;25727488;0.00;0.00;0.00;7295;100498;431172;401992;103;33;0;0;1956352;25797888;0.00;0.00;0.00;7642;100773;433660;403092;103;33;0;0;1810432;25709824;0.00;0.00;0.00;7072;100429;430004;401716;103;33;0;0;1885952;25743104;0.00;0.00;0.00;7367;100559;431704;402236;103;33;0;0;1891072;25753088;0.00;0.00;0.00;7387;100598;431940;402392;103;33;0;0;1833984;25736192;0.00;0.00;0.00;7164;100532;430784;402128;103;33;0;0;
